6087.05
6072.8
6076.3
6077.6
6078.8
6077.8
6080.8
6082.15
6079.8
6079.35
6083.8
6084.05
6086
6085
6084.15
6083.45
6085.85
6086.3
6085.9
6083.15
6082.05
6082.05
6081.65
6078.75
6079.95
6081.35
6084.15
6083.45
6084.5
6083.55
6084.5
6084.05
6080.6
6078.7
6078.15
6080.25
6081.15
6082.1
6077.4
6076.35
6077.15
6077.8
6079.5
6079.05
6078.5
6079.75
6079.95
6081.5
6081.2
6081.75
6080.5
6078.2
6078.75
6077.05
6077.4
6077.85
6078.15
6078.1
6079.9
6080.45
6081.25
6082.05
6081.7
6083.85
6085.05
6084.45
6084.25
6083.15
6082.75
6083.45
6082.85
6082.1
6081.3
6082.1
6083.8
6085.35
6084.9
6084.2
6083.6
6084
6084.25
6084.3
6083.65
6083.85
6083.55
6084
6083.25
6081.1
6080.3
6080.75
6082.05
6083.15
6083.1
6083.45
6082.3
6081.45
6081.3
6081.45
6082.3
6081.45
6081.8
6081.3
6080.7
6080.75
6081.6
6081.35
6080.65
6080.25
6078.9
6079
6078.1
6077.85
6075.55
6074.85
6075.1
6075.45
6074.65
6073.95
6074.85
6074.15
6074
6073.3
6071.25
6071.25
6069.65
6070.9
6071.8
6070.95
6070.8
6072.5
6072.7
6072.85
6073.6
6072.85
6073.55
6073.4
6072.15
6072
6070.85
6069.05
6068.1
6067.4
6066.25
6066.05
6069
6068.7
6067.8
6068.15
6066.9
6067.55
6065.5
6065.7
6067.15
6067.75
6066.9
6068.4
6068.9
6069.6
6069.55
6070.4
6071.3
6071.15
6070.2
6070.6
6069.95
6068.75
6067.25
6067.3
6068
6068.3
6068.25
6068.05
6068.05
6068.35
6069.6
6070.35
6070.2
6069
6068.6
6068.5
6069.05
6068.7
6067.3
6064.65
6062.75
6064.05
6066.15
6067.5
6066.45
6066
6065.6
6063.6
6062
6062.15
6062.65
6062.95
6063.85
6064.95
6064.5
6065.35
6066.7
6067.4
6066.55
6067.4
6068.05
6066.85
6066.85
6064.85
6065.15
6064.95
6065.15
6066.45
6068.05
6068.95
6069.1
6070.6
6070.8
6070.85
6071.1
6069.15
6068.45
6069.5
6070.35
6071.45
6075.1
6077.25
6076.05
6077.15
6074.3
6074.1
6075.8
6076.05
6076.55
6076.15
6077.7
6077.4
6076.35
6076.25
6074.45
6073.8
6073.15
6073.25
6074.15
6073.6
6072.45
6071.6
6072.05
6071.85
6071.5
6071.9
6071.35
6071.05
6070.55
6069.1
6066.5
6068.35
6069.15
6066.9
6067.25
6068.05
6069.7
6071.35
6070.85
6073.1
6073.15
6073.65
6074.9
6073.5
6072.15
6072.3
6071.15
6070.9
6071.55
6069.6
6069.45
6070.5
6070
6072.25
6074.95
6072.9
6073.85
6073.3
6072.7
6072.25
6072.95
6072.3
6072.95
6073.85
6073.75
6074.2
6074.8
6077
6077.5
6079.7
6080.3
6078.9
6079.15
6077.65
6078.1
6076.05
6075.75
6077.15
6076.8
6076
6075.65
6074.1
6071.8
6072.8
6074.45
6076.05
6075.2
6075.7
6076.3
6075.6
6079.9
6081.3
6081.7
6080.05
6081.55
6079.6
6078.7
6079
6078.35
6079.5
6079.15
6077.55
6078.55
6080.3
6081
6080.45
6080.5
6078.45
6075.1
6076.15
6077.3
6077.45
6076.9
6073.45
6075.1
6072.65
6070.45
6071.45
6072.2
6072.4
6074.4
6076.7
6076.1
6075.6
6073.65
6072.4
6073.85
6074.9
6073.3
6072.3
6072.65
6072.6
6073.1
6074.75
6075.65
6076.7
6074.4
6073
6075.65
6074.45
6073.95
6075.2
6073.9
6075.4
6076.8
6076.2
6075.65
6075.9
6073.95
6073.8
6074.05
6074.05
6074.8
6072.9
6072.4
6074.35
6068.65
6068.1
6065.7
6068.3
6068.5
6068.4
6068.85
6067.1
6068.55
6069.1
6071.7
6074.2
6071.25
6072.8
6073.9
6073.6
6072.65
6073.5
6070.8
6071.3
6069.25
6069
6071.25
6072.05
6070.35
6069.15
6068.95
6068.95
6068.95
6068.6
6066.75
6068.9
6067.5
6067.35
6066.6
6066.35
6065.75
6068.05
6068.5
6067.25
6066.9
6067.55
6066.95
6067.05
6066.7
6067.1
6069.75
6070.75
6070.4
6069.55
6069.4
6068.7
6071.15
6070.95
6069.75
6069.6
6068.85
6069.35
6070.4
6071.6
6070.95
6069.5
6068.1
6069
6068.65
6067.85
6068.95
6067.4
6068.3
6067.65
6066.25
6064.15
6059.2
6062.8
6062.45
6064.25
6064.5
6065.35
6065.65
6066.65
6064.9
6068.6
6066.55
6063.55
6064
6063
6063.5
6064.5
6067.65
6073.15
6070.95
6070.8
6075.35
6071.35
6073.35
6074.2
6084.45
6091.5
6102.85
6099.3
6093.8
6095.1
6089.5
6081.65
6080
6080.7
6080.45
6085.9
6083.95
6086.7
6091.2
6089.8
6090.45
6092.1
6092.6
6095.05
6095.6
6097.6
6100.55
6100.15
6097.65
6100.85
6103.75
6107.15
6110.5
6108.05
6107.25
6105.9
6103.85
6106.6
6104.3
6103.4
6105.4
6103.2
6101.25
6100.4
6101.75
6102.05
6101.6
6101.9
6101.75
6102.7
6103.85
6105.35
6104.2
6104.95
6106
6107.35
6108.45
6109.8
6110.05
6110.05
6108.75
6109.05
6108.15
6104.2
6105.95
6104.5
6103.05
6103.5
6102.9
6102.9
6103.35
6104.15
6098.35
6099.1
6100.5
6101.4
6102.85
6102.5
6102.15
6104.4
6104.5
6104.85
6103.15
6106.3
6106.1
6105.85
6106.15
6107.2
6106.85
6105.9
6105.05
6105.15
6103.85
6104.15
6103.55
6103.5
6104.25
6104.75
6104.15
6105
6105.25
6105.7
6105.8
6105.95
6105.45
6104.45
6103.75
6103.1
6102.85
6101.35
6099.35
6098.75
6100.65
6100.3
6099.75
6098.9
6097.2
6096.35
6096.15
6097.1
6096.4
6095.2
6094.1
6092.95
6092.5
6095.95
6095.25
6094.65
6092.55
6094.25
6092.5
6091.7
6088.05
6084.45
6085.65
6086.65
6090.3
6088.75
6089.85
6087.95
6085.05
6081.4
6082.45
6079.55
6077.15
6077.15
6078.35
6073.65
6077.95
6077.3
6074.15
6070.7
6069.8
6067.65
6067.25
6068.9
6070.45
6072.7
6072.25
6070.75
6070
6067.3
6068.55
6072.45
6062.55
6058.65
6053.45
6055.4
6056.7
6056.6
6059.35
6062.05
6062.15
6062.75
6065
6068.05
6070.65
6068.95
6069
6072.55
6071.5
6069.3
6068.85
6070.7
6068.7
6067
6065.85
6067.25
6062.95
6059.2
6058.1
6056.8
6053.25
6056
6058.65
6056.75
6058.05
6055.45
6056.4
6055.45
6058.4
6060.85
6062.95
6062.75
6065.3
6062.95
6060.85
6062.25
6064.3
6064.5
6065.9
6067.5
6066.8
6064.6
6065.05
6064.75
6064.85
6061.5
6059.9
6060.8
6061.65
6060.8
6058.7
6058.95
6056.55
6056.35
6053.9
6054.1
6054.7
6055.7
6060.45
6060.3
6058.7
6060.85
6059.7
6059.55
6060.8
6063.4
6062.1
6058.95
6058.75
6057.25
6051.8
6047.4
6045.75
6046.15
6050.7
6049.75
6045.6
6046.7
6050.15
6049.55
6052.7
6052.05
6054.9
6053.2
6053.15
6055
6055.5
6054.1
6052.4
6054.15
6054.85
6052.15
6051.45
6051.05
6048.75
6047.85
6046.7
6047.45
6043.5
6043.55
6044.15
6046.55
6046.95
6049.9
6065.6
6065.05
6064.9
6065.2
6065.75
6062.4
6061.15
6062.65
6066.1
6068.85
6069.6
6070.85
6070.3
6068.65
6068.55
6067.45
6065.25
6064
6063.35
6066
6068
6065.65
6063.65
6064.2
6063.45
6062.95
6062.95
6063.85
6063.45
6065.9
6066.05
6062.75
6061.85
6058.4
6058.75
6060
6058.35
6055.75
6054.85
6057
6059.1
6061.9
6064.4
6064.35
6062.6
6062.05
6060.6
6058.95
6060.8
6061.45
6063.65
6063.95
6063.95
6064
6063.25
6062.4
6063.1
6061.45
6061.15
6060.6
6060.8
6061.4
6062.95
6062.6
6063
6064.85
6066.65
6067.45
6067.4
6066.7
6066.2
6067.55
6068.8
6068.3
6068.05
6066.6
6057.9
6058.7
6059.25
6057.4
6057.85
6056.55
6057.85
6058.1
6059.8
6060.45
6061.55
6061.9
6060.5
6060.45
6061.85
6062.05
6062.05
6061.25
6060.5
6060.35
6060
6058.95
6058.15
6057.6
6056.55
6054.9
6055.1
6055.45
6055
6055.35
6056.8
6058.05
6058.3
6058.55
6059.2
6059.45
6059.55
6058.8
6058.15
6058.3
6057.55
6058.95
6058.45
6058.7
6058.7
6056.7
6055.4
6056.05
6054.55
6054.35
6052.85
6054.5
6055
6056.6
6055.55
6054.25
6056.25
6054.95
6054.1
6051.75
6052.05
6052.25
6053.6
6053.7
6055.55
6053.55
6054.2
6053.95
6053.35
6053.75
6053.45
6055.55
6054.1
6052.3
6051.5
6054
6052.65
6054
6052.65
6046.65
6047.55
6045.9
6044.45
6046.85
6046.95
6046.9
6047.15
6046.35
6045.1
6045.8
6047.45
6047.65
6046.25
6047.05
6048
6050.15
6051.15
6052.2
6053.15
6054.15
6053.8
6054.5
6055.45
6055.65
6056.25
6055.3
6056.35
6054.45
6053.5
6052.3
6054.5
6053.9
6051.5
6052.7
6052.7
6049.8
6048.4
6049.05
6050.8
6049.45
6050.05
6051.75
6050.9
6052.05
6053.1
6053.5
6053.4
6053.35
6054.15
6054.5
6055.75
6056.25
6057.55
6057.15
6057.75
6061
6061.4
6061.75
6058.4
6057.75
6058.1
6056.1
6057.8
6057.5
6057.1
6056.9
6056.05
6057.15
6056.4
6054.3
6054.6
6056.5
6057.7
6055.75
6055.9
6055.1
6053.95
6055.4
6056.6
6055.4
6055.05
6052.9
6053.7
6053.05
6052.2
6051.1
6051.95
6052.45
6049.85
6045.25
6047.65
6049.05
6048.3
6048.3
6048.3
6047.35
6046
6046.9
6048.35
6050.7
6049.1
6049.15
6051.2
6053.75
6055.7
6056
6056
6054.15
6052.15
6056.05
6057.4
6057.6
6059.2
6061.45
6064.2
6069.25
6066.5
6067.85
6066.05
6063.15
6060.5
6059.45
6060.3
6062.55
6063.35
6065.1
6064.9
6061.75
6060.95
6062.05
6061.45
6060.05
6060.25
6058.15
6060.05
6059.75
6061.55
6061.8
6062.3
6062.65
6061.45
6062.45
6061.4
6059.45
6061.2
6062.75
6063.2
6064.95
6064.3
6065.1
6063.05
6062.25
6064.85
6063.45
6062.05
6061.1
6064.3
6064.1
6061.55
6060.05
6060.15
6055.95
6056.35
6057.35
6059.05
6058.35
6058.25
6057.35
6056.9
6056.55
6057.1
6057.6
6057.9
6057.6
6060.95
6061
6060.2
6062.55
6057.9
6057.35
6058.5
6056.6
6055.05
6055.05
6056
6056.5
6057.85
6059.25
6053.6
6052.95
6053.05
6056.05
6057.75
6058.55
6059
6058.45
6058.05
6056.85
6057.25
6057.45
6055.7
6056.4
6055.05
6055.05
6055.35
6055.75
6055.75
6055.2
6052.5
6052.7
6049.45
6048.35
6051.55
6051.15
6052.25
6049.6
6049.65
6050.2
6052.1
6053.45
6054.35
6055.5
6054.95
6056.7
6056.95
6055.7
6056.25
6055.8
6054.1
6052.05
6053.95
6053.55
6052.55
6053.95
6053.4
6051.55
6049.8
6044.7
6043.85
6048.2
6047.75
6048.75
6049.8
6049.85
6048.1
6048.65
6047.25
6047.15
6044.95
6046.15
6047.8
6048.4
6048.15
6048.1
6048.1
6044.85
6044.3
6044.95
6046.15
6045.75
6046.15
6047.45
6047.15
6047.4
6046.65
6047.4
6047.9
6047.85
6048.2
6048.65
6049.05
6048.1
6048.05
6046.75
6046.1
6046.5
6047
6047.25
6047.05
6047.2
6047.2
6047.2
6050.05
6051.15
6051.05
6050.05
6048.9
6048
6049.45
6048.4
6049.85
6050.05
6049.65
6050.25
6050.25
6050.75
6050.35
6050.9
6050.4
6050.65
6050.3
6050.3
6049.95
6050.1
6050.4
6049.7
6049.1
6049.45
6049.05
6049.05
6049
6050.1
6051.1
6051.15
6050.45
6050.05
6051
6051.85
6052.95
6052.35
6051.25
6052.55
6053.1
6052.55
6053.25
6054.1
6053.1
6052.75
6051.95
6051.9
6051.65
6049.85
6049.85
6051
6050.65
6050.5
6049.95
6049.6
6049.5
6049.1
6048.8
6047.75
6047.25
6046.9
6045.55
6045.65
6045.3
6045.6
6045.15
6045.55
6046.4
6046.25
6046.2
6046.05
6045.55
6046.1
6045.45
6044
6044.35
6044.5
6044.45
6044.25
6045.25
6046.45
6047.85
6049.25
6050.15
6050.8
6049.9
6050.25
6049.35
6048.65
6049.35
6049.6
6051.1
6050.95
6051.05
6051.85
6052.55
6053
6052.35
6052.5
6052.35
6051.9
6051.55
6050.75
6051
6049.1
6048.2
6048.65
6050.35
6051
6051.8
6052.65
6051.5
6052.15
6052.15
6050.05
6049.95
6050.2
6050.6
6051.35
6051.25
6053.95
6054.2
6055.1
6055.7
6054.5
6056.65
6053.75
6055.35
6054.75
6051.5
6050.7
6050.4
6049.55
6050.95
6051.15
6049.8
6049.4
6048.05
6047.65
6045.3
6046.1
6046
6044.45
6045.4
6044.4
6044.9
6045.25
6044.85
6044.75
6043.35
6044.55
6043.4
6042.65
6040.95
6041.45
6041.75
6041.7
6042.8
6041.85
6042.15
6042.45
6042.3
6042.95
6042.95
6040.9
6037.7
6036.6
6038.35
6037.95
6039.1
6039.45
6040.85
6040.85
6039.1
6039.3
6039.45
6038.95
6040.2
6040.65
6040.85
6041.3
6042.7
6043
6042.5
6042
6041.2
6040.7
6040.65
6042.3
6042.25
6040.95
6041.65
6041.35
6041.85
6041.95
6041.95
6041.65
6040.7
6040.45
6040.2
6040.75
6036.2
6035.45
6036.35
6038.4
6039.4
6039.2
6039.5
6039.55
6038.8
6036.75
6037
6037.55
6037.5
6040.2
6042.95
6042.75
6042.3
6040.4
6039.9
6040.6
6041.35
6040.4
6038.6
6039.1
6039.7
6038.4
6037.4
6037.1
6035.05
6034.95
6034.7
6038.05
6038.5
6037.5
6036.85
6035.85
6035.65
6035.05
6035.8
6035.7
6033
6030.15
6028.05
6029.35
6033.05
6034.7
6032
6031.15
6027.45
6027.6
6029.2
6030.25
6031.2
6032.25
6030.6
6030.95
6030
6028.35
6026.8
6026
6028.6
6027.9
6026.65
6026.4
6026.9
6033.6
6035.65
6039.65
6039.5
6037.95
6034.5
6032.5
6034.5
6031.4
6032.6
6034.3
6034.85
6035.45
6036.8
6036.65
6038.35
6038.3
6037.25
6034.65
6033.95
6033.75
6033.65
6034.25
6033.85
6032.9
6034.45
6033.6
6031.15
6032.55
6033.6
6033.6
6034.75
6040.25
6041.2
6040.9
6040.35
6040.05
6043.15
6047.45
6045.45
6045.4
6044.4
6044.95
6044.45
6044.75
6044
6041.65
6043.7
6046.1
6047.8
6046.1
6047.2
6050.5
6050.75
6049.4
6052.25
6051.35
6051.15
6048.75
6047.95
6046.9
6049.4
6049.55
6049.45
6046.6
6044.25
6044.2
6042.7
6046.05
6045.95
6044.65
6046.6
6046
6045.5
6044.5
6044.35
6044.35
6046.2
6045.4
6045.65
6041.95
6042.85
6039.65
6038.65
6039.7
6041.65
6042.75
6042.95
6043.25
6043.4
6042.7
6043.4
6044.95
6044.2
6040.6
6040.2
6038.05
6036.8
6034.7
6033.35
6035.2
6037.75
6038.05
6038.3
6039.9
6040.35
6040.05
6040.55
6039.1
6038.75
6037.6
6037.95
6037.95
6039.15
6038.5
6040.3
6040.4
6040.5
6041.75
6042.65
6044
6043.1
6039.95
6039.2
6039.15
6036.6
6035.7
6035.75
6036.85
6039.5
6039.05
6038.95
6040.1
6040.35
6038.75
6037.55
6036.7
6035.8
6034.15
6035
6034
6031.85
6032.95
6036.4
6038.9
6038.55
6037.8
6038.25
6037.45
6039.3
6038.55
6038.45
6038.2
6037.05
6035.7
6034.6
6033.45
6033.6
6034.55
6036.05
6035.65
6035.35
6035.75
6036.05
6036
6035.75
6034.7
6031.45
6031.75
6032.8
6032
6031.9
6032.8
6033.4
6034
6034.9
6034.65
6032.75
6032.7
6033.65
6033.8
6031.5
6032.6
6031.45
6031.4
6031.1
6030.65
6030.7
6029.5
6029.7
6028.35
6029.55
6028.4
6029.5
6031.4
6031.7
6032.25
6030.85
6029.85
6031.65
6032.3
6032.6
6033.1
6035.8
6034.6
6033.75
6031.95
6031
6030.75
6028.75
6028.55
6027.45
6028.25
6027.9
6027.9
6028.65
6027.95
6029.1
6028.45
6028.95
6029.3
6027.95
6027.5
6028.25
6027.55
6028.35
6028.05
6027.2
6027.1
6027
6026.45
6026.1
6024.65
6018.3
6020.2
6013.4
6016.1
6015
6014.75
6015.85
6016.55
6013.65
6012.85
6015.65
6015.4
6015.1
6009.8
6007.7
6008.9
6007.75
6011.45
6010.75
6010.1
6007.85
6006.3
6007.4
6006.65
6007.1
6007.3
6009.05
6011.35
6011.45
6009.25
6008.5
6007.75
6007.5
6005.4
6006.65
6008.35
6009.1
6011.1
6008.7
6007.45
6008.55
6010
6010
6010.85
6012.1
6012.35
6013.15
6013.95
6015.15
6017.5
6018
6017.1
6014.9
6013.6
6014.35
6013.05
6014.85
6019.2
6020.7
6021
6021.85
6022.95
6021.35
6018.55
6018.45
6017.95
6020.75
6018.95
6020.75
6019.85
6016.55
6015.3
6015.55
6015.35
6016.1
6016.15
6015.15
6014.4
6013.35
6013.7
6015.55
6015.4
6013.9
6014.5
6014.5
6014.55
6010.6
6006.4
6007.75
6008.35
6007.8
6007.5
6007.8
6008.2
6008.25
6011.9
6011.7
6009.85
6012.6
6012.7
6013.5
6012.9
6012.1
6009.25
6008.95
6009
6010.8
6010.75
6012.05
6012.35
6011.95
6013.15
6014.15
6017.3
6014.3
6012.7
6014.8
6015
6015.1
6013.55
6011.6
6008.45
6003.65
5998.6
5999.15
6003.6
5997.5
5996.1
5998.2
6000.6
6003.8
6001.35
6001.5
6003.1
6006.95
6006.8
6003.1
5998.45
5998.05
6000.35
5999.1
6000.7
6005.95
6002.5
6004.55
6004.7
6005.6
6004.3
5989.1
5991.85
5995.7
5998
6001.4
6000.35
6001.25
6002.9
6006.45
6011.3
6007.6
6009.1
6006.4
6005.7
6008.55
6008.85
6006.7
6004.3
6002.35
6004.35
6004.4
6002.95
6002.35
6004.6
6004.6
6004.6
6030.75
6029.8
6027.4
6029.6
6025.55
6027.1
6025.2
6027.35
6026.35
6023.7
6025.75
6025.5
6022
6022.75
6024.65
6025.35
6020.95
6023.65
6022.95
6026.6
6027.15
6026.35
6027
6025.5
6024.1
6024.65
6026.5
6025.95
6022.2
6022.4
6023.5
6023.85
6026.25
6026.8
6028.95
6026.75
6024.2
6024.6
6022.8
6026.15
6024.45
6027.3
6028
6028.35
6027.85
6028.2
6027.3
6026.45
6028.3
6028.15
6028.65
6029.15
6028.1
6026.95
6026.4
6026.6
6027.05
6025.95
6023.75
6025.75
6026.95
6026.3
6024.3
6023.85
6026
6026.35
6025.75
6026.5
6026.85
6026.55
6028.35
6026.6
6028
6027.15
6027.35
6027.1
6026.65
6025.4
6025.15
6024.9
6025.95
6027.1
6028.1
6028.35
6028.35
6030.9
6029.9
6030.25
6030.35
6032
6030.55
6030.1
6029.35
6029
6028.2
6028.8
6027.3
6026.85
6025.2
6024
6024.75
6024.45
6025.8
6025.65
6026.5
6027.35
6028.75
6028.95
6027.8
6027.8
6028.5
6029.1
6029.6
6029.5
6030.85
6030.2
6030.8
6028.55
6030.8
6031.15
6030.85
6029.05
6029.5
6030.35
6029.1
6029.65
6029.55
6029.8
6028.1
6028.2
6027.95
6029.5
6028.3
6027.8
6028.55
6029.1
6029.05
6028.4
6026.6
6024.65
6021.55
6017.7
6018.75
6019.55
6020.5
6020.75
6022.05
6019.65
6015.6
6016.55
6021.4
6020.9
6019.8
6019.4
6019.6
6020.85
6020.15
6018.9
6020.75
6021.25
6019.55
6018.3
6017.2
6015.45
6016.4
6018.2
6018.3
6015.95
6016.65
6016.6
6017.7
6020.45
6021.15
6020.5
6019.95
6016.25
6015.95
6016.3
6018.9
6019.35
6019.75
6019.95
6017.65
6018.3
6018.05
6020.5
6020.2
6020.1
6019.3
6018.25
6017.55
6017.15
6016.6
6016.95
6017.5
6019.75
6019.8
6019.55
6021.25
6022.8
6023.95
6024.05
6023.45
6022.55
6022.4
6022.95
6022.35
6021.95
6020.55
6020.5
6019.3
6018.6
6019.1
6020.1
6020.4
6021
6020.1
6020.7
6020.85
6019.25
6018.9
6019.1
6020.95
6020.7
6020.65
6020.1
6017.8
6019.3
6019.4
6019.1
6018.35
6016.3
6016.25
6009.6
6005.05
6008.55
6008.4
6007.65
6009.8
6009.2
6009.45
6009.4
6010.85
6010.15
6011.2
6011.25
6011.85
6010.9
6011.75
6013.2
6012.6
6007.3
6004.15
6004.6
6005.5
6004.7
6008.35
6007.35
6006.75
6003.1
6004.45
6004.45
6004.8
6004.9
6005.85
6003.6
6001.65
6002.9
6004.1
6005.5
6005.2
6005.75
6007.7
6007.65
6006.4
6007.65
6005.35
6006
6006
6006
6009.65
6009.25
6006.3
6003.8
6005.95
6004.55
6005.8
6007.5
6007.95
6009.75
6009.65
6006.65
6006.25
6006.55
6006.2
6000.7
6001.15
6002.1
6003.55
6003.3
6001.6
5997.2
5998.1
6000.7
5999.3
5993.85
5993.15
5992.6
5989.65
5993.65
5995
5990.15
5990.2
5992.55
5993.5
5990.95
5989.45
5986.05
5986.35
5988.9
5986.95
5989.1
5990.8
5992.25
5993.9
5995.25
5995.65
5993.65
5992.25
5991.75
5994.3
5996.05
5992.45
5989.45
5985.2
5985.05
5988.9
5989.4
5989.85
5991.35
5987.4
5987
5986.75
5989.3
5987.1
5985.2
5984.7
5981.7
5982.2
5986.75
5986.15
5984.85
5988.15
5991.05
5991.3
5987.95
5988.4
5984.45
5983.3
5983.2
5983.45
5987.95
5987.8
5988.95
5988.4
5988.45
5988.4
5989
5988.7
5985.85
5987.35
5987.35
5987.25
5965.05
5964.95
5963
5964
5967.5
5966.05
5963.05
5962.85
5964.7
5962.75
5960.6
5958.15
5959
5961.85
5961.35
5959.95
5958.35
5961.4
5960
5958.9
5957.8
5958.2
5955.5
5956.75
5957.25
5957.8
5960.1
5958.2
5956.75
5955.55
5954.3
5956.6
5957.95
5960.6
5961.95
5962.2
5960.55
5960.35
5959.95
5959.05
5958.95
5958.95
5956.85
5957.55
5959.2
5960.15
5962.55
5962
5958.35
5958.25
5956.35
5959.05
5959.95
5962.5
5962.75
5962.4
5965.2
5965.75
5965.2
5963.95
5964.55
5965.5
5966.55
5967.75
5968
5968.6
5965.6
5967.6
5969.25
5968.35
5969.25
5969.4
5968.5
5966.4
5966.15
5965.1
5966.05
5967.4
5966.3
5967.45
5968.25
5969.6
5968.25
5969.4
5969.8
5968.5
5967.55
5966.5
5965.95
5966.3
5965.6
5965.8
5965.3
5965.45
5965.5
5966.05
5964.8
5965.1
5963.6
5963.15
5963.2
5964.25
5964.3
5965.05
5965.1
5965
5962.8
5963.7
5964.7
5965.05
5965.3
5965.25
5964.7
5965
5965.9
5967
5966.25
5967.7
5968.25
5969.25
5969.7
5969.65
5968.55
5968.6
5968.55
5968.05
5967.7
5966.2
5964.5
5965.45
5965
5963.6
5963.45
5962.1
5961.8
5960.15
5958.45
5959.3
5960.75
5958.9
5959.3
5956.1
5954.95
5954.6
5955.15
5957.05
5956.15
5957.45
5958.65
5958.9
5958.95
5958.75
5956.5
5956.35
5954.8
5954.35
5953.45
5952.55
5955.15
5956.25
5956.4
5954.6
5954.55
5955.3
5954.9
5954.15
5951
5952.5
5952.4
5950.65
5947.95
5948.25
5949.15
5950.05
5950.65
5950
5949.3
5949.7
5949.75
5950.75
5951.7
5952.95
5950.85
5951.55
5951.35
5951.75
5951.15
5950.5
5951.1
5951.85
5953.85
5957.75
5956.8
5956.15
5957.05
5957.2
5957.25
5957.55
5959.1
5960.45
5960.5
5959.75
5957.8
5959.3
5958.7
5959.15
5959.3
5958.15
5957.1
5957.5
5957.3
5956.1
5956
5956.05
5955
5955.85
5953.9
5953.55
5955.15
5954.3
5954.5
5954.15
5953.55
5953.7
5952.85
5954.35
5952.1
5950.15
5950.15
5951.3
5951.85
5952.45
5952.65
5952.65
5953.2
5951.1
5948.25
5953
5954
5957.05
5958.4
5959.4
5959.2
5959
5957.75
5958.6
5957.25
5958.8
5959.65
5963
5965.65
5963.4
5965.5
5967.7
5966.3
5970
5968.85
5965
5965.35
5965
5964
5965.65
5967.55
5967.45
5967.55
5966.25
5964.8
5963
5963.75
5964
5962.35
5963
5958.95
5959
5961
5961.65
5961.8
5961.1
5958.8
5958.2
5960.6
5958.75
5959.25
5961.45
5961.25
5962.9
5962.4
5962.7
5960.55
5961.3
5961.9
5963.05
5958.75
5958.65
5957.75
5956.25
5957.7
5957.65
5957.45
5959.2
5959.65
5961.45
5959.35
5958.05
5956.2
5957.4
5957.3
5957.3
5953.55
5955.6
5952.9
5955.35
5957.8
5955.9
5957
5955.15
5954.1
5952.55
5950.9
5948.4
5949.75
5950.8
5951.4
5951.85
5953.35
5952.4
5954.05
5955.15
5954.25
5954.65
5954.6
5955.95
5954.6
5954.75
5955.95
5957.3
5956.95
5959.6
5955.35
5956.85
5953.7
5957.55
5957.05
5958.1
5959.1
5959
5958.7
5959.25
5961.05
5959.1
5959.2
5958.3
5958
5957.3
5959.1
5959.1
5956.9