14.77
14.76
15.15
15.28
15.34
15.37
15.4
15.44
15.47
15.48
14.97
15.47
15.42
15.46
15.44
15.46
15.44
15.44
15.44
15.46
15.44
15.44
15.45
15.42
15.43
15.41
15.41
15.42
15.44
15.42
15.41
15.39
15.38
15.43
15.43
15.42
15.41
15.39
15.44
15.42
15.38
15.37
15.35
15.36
15.38
15.35
15.35
15.35
15.35
15.33
15.34
15.37
15.34
15.36
15.36
15.36
15.33
15.33
15.33
15.3
15.3
15.3
15.32
15.32
15.3
15.3
15.29
15.29
15.34
15.31
15.31
15.31
15.34
15.36
15.3
15.3
15.27
15.3
15.3
15.31
15.3
15.31
15.3
15.29
15.29
15.28
15.31
15.3
15.32
15.3
15.31
15.3
15.31
15.32
15.32
15.35
15.33
15.32
15.31
15.31
15.31
15.3
15.31
15.3
15.31
15.32
15.29
15.29
15.31
15.29
15.29
15.3
15.32
15.32
15.34
15.33
15.33
15.32
15.37
15.31
15.33
15.34
15.36
15.37
15.38
15.4
15.39
15.4
15.42
15.37
15.41
15.41
15.41
15.44
15.43
15.42
15.44
15.45
15.46
15.43
15.39
15.39
15.42
15.4
15.37
15.4
15.39
15.4
15.37
15.4
15.39
15.39
15.37
15.39
15.36
15.36
15.36
15.34
15.34
15.33
15.36
15.35
15.37
15.33
15.33
15.33
15.34
15.34
15.34
15.33
15.29
15.3
15.3
15.28
15.26
15.26
15.28
15.29
15.27
15.3
15.3
15.31
15.3
15.29
15.28
15.28
15.28
15.3
15.28
15.29
15.29
15.31
15.31
15.28
15.29
15.29
15.29
15.32
15.32
15.35
15.32
15.33
15.33
15.34
15.34
15.33
15.31
15.33
15.35
15.35
15.35
15.33
15.33
15.31
15.34
15.32
15.32
15.31
15.34
15.36
15.37
15.37
15.34
15.36
15.35
15.36
15.32
15.32
15.35
15.36
15.35
15.34
15.34
15.33
15.35
15.3
15.31
15.33
15.33
15.33
15.33
15.33
15.33
15.3
15.3
15.29
15.27
15.29
15.29
15.28
15.27
15.29
15.28
15.29
15.3
15.26
15.28
15.3
15.3
15.31
15.29
15.25
15.28
15.27
15.3
15.25
15.25
15.26
15.25
15.29
15.27
15.26
15.23
15.23
15.25
15.23
15.23
15.23
15.24
15.25
15.26
15.25
15.19
15.24
15.18
15.21
15.2
15.2
15.19
15.21
15.25
15.19
15.16
15.16
15.14
15.17
15.18
15.15
15.15
15.19
15.19
15.22
15.23
15.22
15.26
15.27
15.28
15.29
15.29
15.25
15.28
15.3
15.31
15.28
15.23
15.22
15.2
15.23
15.23
15.12
15.16
15.13
15.15
15.18
15.18
15.18
15.16
15.16
15.15
15.16
15.18
15.18
15.2
15.18
15.18
15.18
15.15
15.09
15.01
14.99
15
14.96
14.88
14.95
14.92
14.94
15
15
15.01
15.01
15.1
15.11
15.14
15.15
15.12
15.15
15.15
15.11
15.13
15.11
15.12
15.12
15.07
15.07
15.07
15.08
15.05
15.07
15.06
15.07
15.07
15.06
15.04
15.05
15.17
15.17
15.17
15.18
15.14
15.18
15.17
15.19
15.2
15.19
15.18
15.19
15.19
15.17
15.15
15.13
15.12
15.09
15.07
15.11
15.05
15.05
15.08
15.06
15.07
15.07
15.06
15.06
15.08
15.03
15.03
15.05
15.05
15.05
15.05
15.08
15.09
15.07
15.05
15.08
15.01
15.05
15.07
15.08
15.07
15.05
15.06
15.06
15.07
15.07
15.07
15.07
15.03
15.05
15.11
15.09
15.09
15.11
15.12
15.11
15.11
15.09
15.09
15.11
15.1
15.09
15.09
15.09
15.12
15.11
15.11
15.09
15.08
15.09
15.08
15.1
15.11
15.12
15.09
15.08
15.11
15.11
15.1
15.08
15.11
15.14
15.14
15.13
15.14
15.16
15.15
15.17
15.19
15.15
15.15
15.05
15.08
15.06
15.04
15
15.05
15.07
14.92
14.93
14.79
14.66
14.77
14.83
14.8
14.78
14.81
14.72
14.71
14.72
14.65
14.59
14.64
14.59
14.63
14.63
14.63
14.52
14.62
14.58
14.55
14.63
14.57
14.59
14.56
14.54
14.58
14.54
14.5
14.43
14.46
14.48
14.48
14.46
14.45
14.48
14.49
14.48
14.51
14.47
14.41
14.43
14.38
14.39
14.38
14.35
14.38
14.36
14.35
14.4
14.38
14.39
14.39
14.4
14.39
14.41
14.43
14.38
14.33
14.34
14.38
14.41
14.39
14.37
14.36
14.37
14.32
14.33
14.35
14.35
14.36
14.37
14.34
14.35
14.34
14.36
14.38
14.36
14.33
14.36
14.39
14.35
14.35
14.37
14.34
14.38
14.36
14.36
14.33
14.35
14.33
14.36
14.37
14.39
14.37
14.38
14.38
14.39
14.39
14.38
14.38
14.37
14.35
14.35
14.36
14.34
14.38
14.33
14.34
14.31
14.32
14.36
14.36
14.36
14.36
14.38
14.35
14.34
14.35
14.34
14.35
14.36
14.37
14.38
14.39
14.36
14.4
14.42
14.43
14.45
14.45
14.47
14.43
14.49
14.52
14.55
14.54
14.53
14.55
14.56
14.55
14.59
14.59
14.53
14.53
14.54
14.53
14.54
14.51
14.49
14.51
14.56
14.62
14.61
14.58
14.6
14.6
14.58
14.63
14.68
14.59
14.65
14.73
14.68
14.73
14.72
14.68
14.69
14.61
14.56
14.56
14.56
14.57
14.62
14.59
14.62
14.63
14.66
14.64
14.66
14.61
14.6
14.62
14.64
14.66
14.66
14.63
14.66
14.62
14.62
14.63
14.63
14.63
14.63
14.58
14.59
14.59
14.55
14.53
14.5
14.5
14.53
14.56
14.57
14.58
14.49
14.46
14.43
14.49
14.47
14.48
14.48
14.53
14.52
14.53
14.53
14.55
14.52
14.55
14.53
14.57
14.56
14.58
14.53
14.54
14.55
14.57
14.51
14.52
14.52
14.48
14.46
14.47
14.56
14.47
14.48
14.48
14.51
14.5
14.46
14.42
14.39
14.46
14.42
14.45
14.44
14.43
14.45
14.45
14.42
14.44
14.43
14.39
14.39
14.46
14.48
14.49
14.49
14.47
14.49
14.48
14.49
14.46
14.5
14.56
14.52
14.55
14.47
14.47
14.47
14.47
14.23
14.35
14.15
14.2
14.37
14.33
14.33
14.33
14.29
14.3
14.34
14.34
14.36
14.37
14.5
14.48
14.5
14.47
14.52
14.54
14.57
14.57
14.62
14.6
14.59
14.59
14.61
14.63
14.62
14.61
14.62
14.61
14.63
14.64
14.64
14.65
14.63
14.68
14.66
14.66
14.64
14.65
14.64
14.66
14.67
14.63
14.61
14.58
14.6
14.56
14.55
14.55
14.56
14.6
14.55
14.52
14.54
14.51
14.51
14.5
14.53
14.54
14.49
14.51
14.51
14.49
14.52
14.49
14.49
14.49
14.53
14.49
14.46
14.47
14.49
14.49
14.49
14.53
14.58
14.53
14.56
14.56
14.58
14.56
14.56
14.52
14.54
14.52
14.57
14.57
14.6
14.58
14.58
14.59
14.59
14.58
14.59
14.55
14.54
14.55
14.56
14.56
14.56
14.59
14.58
14.57
14.45
14.5
14.49
14.45
14.45
14.45
14.47
14.48
14.47
14.51
14.48
14.49
14.5
14.5
14.48
14.5
14.48
14.55
14.53
14.51
14.52
14.5
14.48
14.5
14.49
14.5
14.5
14.51
14.51
14.5
14.53
14.49
14.51
14.5
14.5
14.5
14.51
14.5
14.5
14.52
14.51
14.52
14.5
14.51
14.5
14.5
14.52
14.54
14.53
14.54
14.49
14.54
14.51
14.53
14.5
14.49
14.53
14.5
14.5
14.52
14.49
14.48
14.54
14.52
14.5
14.49
14.5
14.5
14.47
14.45
14.41
14.43
14.45
14.41
14.43
14.44
14.44
14.47
14.47
14.48
14.47
14.47
14.47
14.47
14.47
14.48
14.47
14.45
14.49
14.51
14.53
14.53
14.52
14.54
14.54
14.52
14.55
14.5
14.48
14.47
14.44
14.42
14.45
14.49
14.48
14.51
14.48
14.46
14.46
14.43
14.41
14.47
14.42
14.43
14.46
14.4
14.42
14.4
14.44
14.43
14.42
14.43
14.43
14.42
14.41
14.43
14.4
14.37
14.4
14.38
14.42
14.42
14.4
14.37
14.37
14.36
14.35
14.38
14.4
14.41
14.32
14.31
14.31
14.31
14.36
14.36
14.33
14.37
14.33
14.34
14.32
14.34
14.35
14.36
14.33
14.33
14.34
14.38
14.37
14.32
14.31
14.31
14.3
14.35
14.36
14.35
14.37
14.39
14.42
14.46
14.45
14.45
14.39
14.44
14.43
14.42
14.42
14.4
14.41
14.42
14.41
14.39
14.43
14.4
14.39
14.43
14.45
14.46
14.47
14.52
14.52
14.5
14.53
14.52
14.53
14.53
14.52
14.53
14.53
14.56
14.57
14.57
14.56
14.55
14.54
14.54
14.54
14.58
14.56
14.57
14.5
14.47
14.47
14.49
14.48
14.5
14.51
14.51
14.45
14.45
14.45
14.46
14.46
14.51
14.5
14.48
14.46
14.42
14.52
14.5
14.5
14.49
14.51
14.46
14.45
14.48
14.45
14.49
14.49
14.47
14.46
14.49
14.46
14.48
14.45
14.44
14.43
14.43
14.43
14.41
14.39
14.41
14.38
14.38
14.38
13.67
14.18
14.34
14.36
14.39
14.41
14.39
14.43
14.44
14.46
14.44
14.47
14.37
14.43
14.42
14.41
14.42
14.39
14.34
14.35
14.36
14.35
14.36
14.41
14.37
14.36
14.39
14.4
14.4
14.38
14.39
14.41
14.42
14.39
14.39
14.37
14.39
14.35
14.38
14.4
14.39
14.36
14.37
14.41
14.37
14.38
14.36
14.38
14.36
14.36
14.36
14.35
14.33
14.3
14.27
14.25
14.28
14.29
14.3
14.29
14.34
14.34
14.36
14.38
14.41
14.4
14.39
14.39
14.42
14.38
14.38
14.37
14.39
14.39
14.39
14.39
14.41
14.4
14.38
14.38
14.42
14.42
14.42
14.43
14.38
14.4
14.43
14.43
14.42
14.41
14.41
14.4
14.4
14.4
14.42
14.41
14.4
14.41
14.42
14.43
14.41
14.43
14.42
14.43
14.42
14.43
14.43
14.43
14.43
14.43
14.44
14.41
14.42
14.43
14.42
14.42
14.41
14.42
14.42
14.41
14.41
14.39
14.38
14.39
14.35
14.36
14.37
14.36
14.37
14.36
14.34
14.36
14.35
14.37
14.34
14.33
14.3
14.33
14.34
14.34
14.35
14.34
14.35
14.36
14.36
14.34
14.34
14.3
14.32
14.31
14.29
14.34
14.33
14.35
14.32
14.34
14.34
14.31
14.34
14.33
14.32
14.32
14.31
14.32
14.3
14.32
14.33
14.3
14.32
14.33
14.34
14.3
14.31
14.3
14.28
14.29
14.29
14.32
14.35
14.35
14.35
14.31
14.31
14.29
14.29
14.28
14.27
14.28
14.27
14.26
14.25
14.25
14.26
14.28
14.26
14.25
14.23
14.18
14.18
14.19
14.17
14.17
14.18
14.19
14.18
14.21
14.21
14.26
14.29
14.26
14.27
14.3
14.28
14.35
14.32
14.32
14.32
14.34
14.33
14.31
14.32
14.35
14.34
14.34
14.35
14.42
14.44
14.43
14.41
14.4
14.42
14.41
14.44
14.44
14.41
14.42
14.41
14.43
14.44
14.44
14.41
14.41
14.43
14.4
14.43
14.43
14.41
14.42
14.4
14.39
14.39
14.41
14.42
14.4
14.4
14.38
14.42
14.4
14.42
14.38
14.4
14.41
14.4
14.39
14.39
14.38
14.35
14.38
14.38
14.39
14.35
14.41
14.4
14.4
14.41
14.41
14.43
14.43
14.45
14.45
14.49
14.49
14.54
14.54
14.5
14.48
14.46
14.48
14.49
14.5
14.5
14.47
14.43
14.43
14.48
14.47
14.46
14.48
14.47
14.48
14.48
14.46
14.47
14.48
14.49
14.5
14.49
14.47
14.49
14.49
14.44
14.46
14.44
14.48
14.49
14.49
14.5
14.49
14.49
14.5
14.51
14.49
14.5
14.5
14.5
14.5
14.51
14.53
14.52
14.48
14.49
14.49
14.46
14.46
14.49
14.49
14.49
14.5
14.47
14.47
14.47
14.47
14.45
14.43
14.42
14.42
14.36
14.44
14.46
14.54
14.51
14.45
14.44
14.42
14.38
14.38
14.35
14.27
14.29
14.29
14.27
14.19
14.15
14.15
14.21
14.24
14.18
14.17
14.1
14.12
14.13
14.14
14.13
14.13
14.13
14.04
13.98
13.97
14.03
14.05
14.06
14.04
13.98
13.97
13.97
13.96
13.96
13.96
14
13.98
13.97
13.98
13.97
13.98
13.96
13.95
13.94
13.95
14.04
14.02
14.03
14.03
14.05
14.08
14.03
14.02
14.01
14.01
14.03
14.01
14.02
14.02
14
14.01
14
13.97
13.99
14.03
14.03
13.99
13.98
13.99
13.96
13.99
13.99
14
14.03
14.02
14
13.99
13.94
13.92
13.95
13.9
13.93
13.91
13.93
13.94
13.94
14
14.02
14.01
13.98
13.99
13.95
13.97
14.01
13.99
13.99
13.99
13.98
13.99
13.98
14.02
14.07
14.1
14.12
14.12
14.13
14.08
14.11
14.12
14.14
14.16
14.14
14.15
14.18
14.16
14.16
14.16
14.16
14.13
14.1
14.1
14.1
14.11
14.13
14.13
14.15
14.13
14.16
14.15
14.13
14.12
14.14
14.16
14.09
14.1
14.11
14.1
14.12
14.09
14.1
14.1
14.11
14.12
14.11
14.1
14.1
14.13
14.13
14.13
14.12
14.09
14.09
14.09
14.09
14.1
14.09
14.1
14.1
14.12
14.09
14.1
14.12
14.09
14.08
14.09
14.06
14.1
14.07
14.08
14.06
14.04
14.06
14.06
14.07
14.06
14.06
14.08
14.08
14.1
14.09
14.12
14.13
14.13
14.14
14.13
14.11
14.12
14.11
14.13
14.12
14.12
14.11
14.1
14.1
14.07
14.07
14.07
14.09
14.07
14.1
14.11
14.13
14.12
14.11
14.12
14.07
14.11
14.09
14.1
14.11
14.11
14.12
14.1
14.11
14.1
14.08
14.1
14.1
14.08
14.1
14.08
14.09
14.07
14.06
14.09
14.11
14.1
14.11
14.1
14.1
14.07
14.08
14.07
14.07
14.05
14.02
14.06
14.09
14.07
14.09
14.01
14.01
14.04
14.05
14.08
14.06
14.06
14.06
14.09
14.06
14.06
14.05
14.06
14.07
14.09
14.1
14.1
14.09
14.07
14.04
14.03
14.04
14.06
14.06
14.05
14.07
14.04
14.04
14.01
14.01
14
14
14
13.98
13.97
14.01
14.06
14.06
14.14
14.1
14.02
13.99
14.01
14
13.99
14
14.01
13.99
14.01
14.02
14.03
14.02
14.04
14.04
14.02
14.01
13.94
13.94
13.95
13.97
13.95
13.99
13.98
13.99
13.98
13.99
13.97
13.95
13.98
14.07
14.07
14.08
14.07
14.08
14.09
14.06
14.05
14.05
14.02
14.03
14.03
14
13.99
13.97
13.94
13.93
13.95
13.98
14.04
14.03
13.95
13.97
14
13.97
13.91
13.89
13.88
13.89
13.89
13.89
13.88
13.88
13.89
13.91
13.91
13.92
13.98
13.96
13.97
13.99
14
14
13.99
14.03
14.03
14.03
14.04
14
13.99
14
14.01
14.03
14.02
14.02
13.98
13.98
13.93
13.91
13.9
13.9
13.89
13.92
13.96
13.94
13.95
13.94
13.93
13.92
13.94
13.88
13.89
13.87
13.83
13.83
13.85
13.85
13.83
13.84
13.83
13.84
13.84
13.8
13.76
13.81
13.76
13.76
13.76
14.1
14.13
14.19
14.16
14.23
14.25
14.21
14.23
14.2
14.22
14.22
14.22
14.26
14.26
14.27
14.29
14.32
14.29
14.3
14.27
14.28
14.29
14.28
14.29
14.31
14.3
14.3
14.33
14.36
14.36
14.37
14.35
14.36
14.35
14.35
14.35
14.36
14.33
14.31
14.29
14.29
14.29
14.27
14.28
14.28
14.32
14.27
14.27
14.26
14.26
14.26
14.27
14.27
14.25
14.22
14.22
14.25
14.24
14.26
14.26
14.25
14.24
14.25
14.28
14.26
14.27
14.26
14.3
14.32
14.3
14.3
14.29
14.29
14.29
14.28
14.31
14.31
14.29
14.29
14.28
14.29
14.29
14.27
14.28
14.27
14.28
14.29
14.3
14.29
14.27
14.29
14.28
14.29
14.28
14.29
14.28
14.39
14.39
14.27
14.27
14.29
14.3
14.28
14.29
14.28
14.25
14.25
14.25
14.27
14.27
14.28
14.28
14.28
14.28
14.27
14.28
14.28
14.29
14.3
14.3
14.32
14.32
14.3
14.34
14.32
14.33
14.33
14.35
14.35
14.35
14.34
14.36
14.33
14.34
14.37
14.36
14.35
14.36
14.38
14.34
14.34
14.35
14.35
14.36
14.34
14.33
14.35
14.35
14.36
14.38
14.36
14.32
14.33
14.33
14.35
14.35
14.35
14.34
14.37
14.35
14.35
14.38
14.38
14.4
14.39
14.37
14.38
14.4
14.39
14.43
14.41
14.4
14.39
14.38
14.4
14.42
14.45
14.41
14.42
14.4
14.4
14.41
14.41
14.43
14.43
14.42
14.41
14.42
14.42
14.43
14.42
14.44
14.44
14.42
14.42
14.38
14.36
14.36
14.35
14.34
14.32
14.31
14.33
14.33
14.3
14.29
14.31
14.3
14.32
14.35
14.34
14.34
14.35
14.33
14.33
14.33
14.31
14.32
14.31
14.33
14.33
14.33
14.32
14.32
14.31
14.32
14.32
14.32
14.32
14.32
14.33
14.33
14.34
14.35
14.4
14.4
14.41
14.43
14.43
14.41
14.41
14.4
14.42
14.41
14.4
14.39
14.4
14.39
14.39
14.39
14.4
14.46
14.45
14.45
14.45
14.47
14.44
14.45
14.46
14.44
14.45
14.45
14.47
14.46
14.47
14.46
14.47
14.48
14.48
14.46
14.48
14.47
14.47
14.45
14.45
14.46
14.47
14.45
14.45
14.45
14.4
14.39
14.41
14.45
14.42
14.43
14.41
14.4
14.41
14.39
14.41
14.46
14.57
14.56
14.47
14.59
14.58
14.57
14.57
14.53
14.53
14.55
14.54
14.53
14.53
14.53
14.55
14.56
14.56
14.55
14.55
14.55
14.58
14.6
14.6
14.58
14.58
14.59
14.57
14.56
14.56
14.53
14.53
14.51
14.5
14.5
14.49
14.51
14.52
14.53
14.51
14.54
14.53
14.53
14.55
14.53
14.5
14.48
14.48
14.48
14.52
14.48
14.5
14.48
14.48
14.51
14.53
14.55
14.5
14.51
14.46
14.45
14.45
14.44
14.45
14.45
14.46
14.45
14.46
14.5
14.5
14.48
14.47
14.47
14.45
14.46
14.43
14.39
14.38
14.38
14.34
14.34
14.34
14.22
14.36
14.5
14.49
14.55
14.56
14.56
14.58
14.56
14.56
14.57
14.6
14.59
14.56
14.55
14.58
14.57
14.56
14.53
14.54
14.56
14.54
14.56
14.58
14.59
14.61
14.59
14.62
14.6
14.6
14.61
14.61
14.6
14.59
14.55
14.59
14.6
14.6
14.61
14.61
14.61
14.61
14.61
14.46
14.45
14.55
14.54
14.52
14.55
14.55
14.53
14.54
14.54
14.53
14.52
14.54
14.54
14.51
14.53
14.55
14.54
14.55
14.54
14.53
14.51
14.53
14.56
14.53
14.5
14.51
14.52
14.51
14.54
14.56
14.57
14.56
14.56
14.55
14.59
14.56
14.56
14.54
14.56
14.57
14.59
14.6
14.59
14.58
14.57
14.58
14.6
14.59
14.6
14.59
14.59
14.59
14.46
14.46
14.47
14.49
14.51
14.5
14.5
14.49
14.49
14.48
14.51
14.5
14.48
14.51
14.51
14.5
14.5
14.51
14.59
14.58
14.58
14.59
14.59
14.58
14.58
14.58
14.59
14.59
14.58
14.6
14.6
14.6
14.59
14.6
14.6
14.61
14.61
14.62
14.65
14.66
14.66
14.68
14.66
14.65
14.65
14.65
14.67
14.65
14.68
14.68
14.67
14.72
14.71
14.71
14.72
14.72
14.74
14.73
14.73
14.76
14.76
14.77
14.74
14.73
14.73
14.73
14.74
14.71
14.7
14.7
14.74
14.72
14.71
14.7
14.69
14.72
14.73
14.73
14.74
14.71
14.73
14.74
14.72
14.71
14.69
14.67
14.76
14.76
14.75
14.74
14.73
14.74
14.74
14.71
14.68
14.65
14.63
14.64
14.61
14.62
14.64
14.64
14.62
14.63
14.64
14.65
14.64
14.69
14.67
14.66
14.64
14.68
14.67
14.68
14.69
14.69
14.7
14.7
14.72
14.71
14.72
14.75
14.73
14.72
14.74
14.76
14.76
14.77
14.77
14.74
14.77
14.8
14.79
14.8
14.83
14.79
14.79
14.78
14.78
14.78
14.77
14.75
14.75
14.72
14.73
14.7
14.7
14.69
14.72
14.72
14.71
14.7
14.69
14.67
14.64
14.68
14.63
14.61
14.66
14.58
14.63
14.67
14.68
14.67
14.7
14.68
14.63
14.65
14.63
14.68
14.68
14.69
14.69
14.69
14.73
14.69
14.7
14.72
14.71
14.69
14.7
14.69
14.76
14.75
14.73
14.72
14.71
14.7
14.7
14.69
14.7
14.67
14.69
14.68
14.68
14.66
14.69
14.71
14.7
14.7
14.68
14.66
14.68
14.68
14.68
14.68
14.68
14.68
14.72
14.68
14.67
14.65
14.67
14.67
14.64
14.64
14.62
14.64
14.63
14.64
14.67
14.7
14.67
14.7
14.7
14.72
14.7
14.65
14.61
14.62
14.61
14.58
14.57
14.62
14.6
14.59
14.63
14.64
14.65
14.65
14.59
14.61
14.6
14.59
14.56
14.57
14.55
14.58
14.55
14.53
14.55
14.55
14.58
14.57
14.6
14.57