0
0
0
0
67
914
1927
537.5
219.5
120.5
0
0
0
0
0
60.5
0
1309.5
2127.5
430.5
63.5
26.9
0
0
0
0
0
60
604
1148
1505
1370.5
361
201
59.5
0
0
0
0
4.5
278
1522
1338
826
251.5
108.5
41.5
25.5
0
0
0
0
191
803.5
1028
679.5
116
370
20
0
0
0
0
0
118
780.5
980
1074.5
258.5
0
4.5
6
0
0
0
35.5
267
649
1616.5
764
408.5
210.3
0
0
1
0
2.5
34.3
197
1334.6
1187.6
1153.5
520.5
293.8
0
0
0
0
1
7
47.5
649.5
1163
712.7
479
30.1
114
16.5
0
0
0
4
73
1078.5
1387
554.5
213.5
228
306.9
0
0
0
0
1
312.5
1413.8
1305
820.2
201.7
90
57.5
2.5
0
0
0
4
6
1035.5
1268.5
469
312
145
65.8
0
0
0
0
30
143
1170.8
843.1
988.2
270.1
120.8
57.6
6.2
13.6
0
15
0
13.8
1410.1
1237.1
1034.1
429.6
95.3
53.6
8.4
0
3.5
0
0
120.4
1092.6
1029.8
1614.6
142.4
174.6
57
0
0
0
0
0
79
434.2
1028.2
1588.4
883
208.6
101.6
16.2
9
2.4
12.2
106.4
24.8
1413
698.6
524.8
237.8
116.6
0
0
0
0
0
14
128.6
915.8
595.6
947.8
200.8
244
51
12.6
0
0
0
0
3.8
951.8
741.1
1139
277
157
200.4
3
0
0
0
0
5
1024.2
560.1
873.2
135.4
128.6
107.8
9
0
0
0
66
60.5
1215.4
1280.8
820.6
429.3
191.9
0
26.4
0
0
0
34.2
91.2
1183.2
874.8
1244.4
304.2
192.8
24.2
0
0
0
0
0
655.4
890.3
1118.4
1443.4
318.6
236
77.4
0
0
0
0
69.3
164.4
1149.8
1521.9
1075.9
80.2
120.2
8.6
0
0
0
0
3
48.9
841
1282.1
1252.2
420.4
77.4
294.2
0
0
0
0
32
19.2
550.4
1950.6
671.3
371.8
224.6
50.6
53
0
0
0
30.2
105.4
1221
1581.3
904.3
172.5
480.2
79.8
0
13
0
0
0
125.4
905.7
2050
1009.2
439.9
96.2
40
0
0
0
0
0
4.2
826.2
1528
735.1
374.6
202.7
0
160.6
0
0
0
0
0
1182.2
2227.6
1351.5
308.4
288.8
105.6
170.5
0
0
0
0
24
1256.8
1685.8
978.7
952.7
336.6
104.5
20.2
0
0
0
0
793.4
1499.7
1749.9
531.7
388.2
281.1
134.2
1.2
10.5
0
0
57.5
605.7
1636.7
1068.8
932.1
269.4
213.3
1.6
0
0
0
0
51.4
344.7
1606
1122.1
869.4
164.6
335.6
48
0
0
0
0
0
0
0
0
0
0
0
0
0
0
0
0
0
0
1179.9
934.9
765.7
480.1
134.3
10
0
