0
0
44
72
30
146
0
34
95
249
378
573
31
10
614
1138
0
0
0
18
104
122
111
4
36
132
283
131
56
0
187
592
0
0
0
0
0
0
65
102
91
224
482
230
26
0
256
738
0
0
24
22
105
151
12
274
18
135
439
93
35
0
128
718
0
0
6
91
71
168
61
111
154
156
482
203
167
12
382
1032
0
0
54
4
105
163
142
28
72
88
330
101
81
17
199
692
0
0
0
22
133
155
48
134
137
175
494
135
12
67
214
863
0
12
40
6
73
131
28
129
240
220
617
154
118
28
300
1048
0
0
25
0
69
94
103
24
142
236
505
19
142
26
187
785
8
0
0
6
71
109
186
148
104
109
54
416
52
204
19
0
275
877
