0
0
0
112
6
118
1
54
88
243
386
259
26
5
290
794
0
0
0
31
72
103
68
9
23
39
139
74
9
10
93
335
0
0
24
0
0
24
60
110
87
106
363
179
27
0
206
593
0
0
14
14
164
192
70
161
27
128
386
92
40
0
132
710
2
0
6
44
81
133
98
84
112
217
511
199
65
3
267
911
0
0
68
4
34
106
165
16
73
45
299
38
111
2
151
556
0
4
0
108
119
231
56
124
67
115
362
110
10
46
166
759
0
0
129
5
100
234
39
177
171
214
601
109
52
7
168
1003
0
0
24
30
47
101
107
11
76
441
635
77
119
8
204
940
4
0
0
6
34
75
115
103
124
95
73
395
39
151
13
0
203
713
