0
0
2
102
33
137
2
116
72
222
412
222
7
15
244
793
0
0
4
17
107
128
80
23
46
47
196
38
4
7
49
373
0
0
2
34
0
36
82
87
142
71
382
127
13
0
140
558
0
0
11
13
182
206
12
209
71
148
440
85
25
0
110
756
3
2
0
18
109
132
74
70
186
155
485
154
66
12
232
849
0
0
10
34
14
58
110
26
36
85
257
81
84
12
177
492
0
0
0
77
46
123
65
124
74
322
585
116
29
28
173
881
0
16
184
0
58
258
99
104
119
337
659
144
41
0
185
1102
0
0
15
40
73
128
62
39
170
287
558
85
67
6
158
844
2
0
0
0
116
84
200
114
190
157
98
559
87
180
7
0
274
1033
