0
0
0
78
13
91
0
39
85
422
546
211
18
0
229
866
0
0
0
33
88
121
76
13
39
65
193
59
13
0
72
386
0
0
6
0
0
6
124
45
173
91
433
170
3
0
173
612
0
0
12
4
85
101
3
72
20
194
289
73
18
0
91
481
1
24
0
52
72
149
142
87
122
217
568
238
95
8
341
1058
0
0
59
19
114
192
131
54
31
94
310
58
134
0
192
694
0
0
0
56
188
244
96
119
176
214
605
114
40
19
173
1022
0
26
33
0
32
91
65
217
122
310
714
241
34
0
275
1080
0
0
0
20
160
180
160
33
140
178
511
50
14
0
64
755
5
0
0
5
45
67
117
130
131
163
114
537
68
332
0
0
400
1054
