0
0
0
20
34
54
0
61
71
249
381
287
20
0
307
742
0
0
0
17
87
104
61
59
35
93
248
53
8
0
61
413
0
0
0
0
0
0
40
86
107
72
305
149
9
0
158
463
9
0
9
18
111
147
41
128
36
206
411
97
33
0
130
688
0
1
9
15
78
103
91
118
229
118
556
263
128
14
405
1064
0
0
21
47
46
114
128
47
18
127
320
63
160
5
228
662
0
0
0
43
80
123
83
57
201
242
583
106
47
62
215
921
0
50
28
0
34
112
55
143
48
167
413
108
45
0
153
678
0
0
0
0
98
98
87
56
121
304
568
75
45
15
135
801
13
0
0
61
109
183
83
84
153
125
445
93
235
2
0
330
958
